10101001100101111001111101001000
0010
10000100
01001000110100000100000101010011001101111111001011001011101101100000100100111100001110011111010111011011000001101001111001110000
01110011
11010011101101111000011011001111
00110000011001001110101110110111
01101111100110000011101001100101
11110001110100100000110111111001101000001110100110100011001011000001110000111001011010011101110111010011010011101110110011110000
0110000111011101100100100000111010011110011110000110010111100111100101111010011101001101001110111011001111000001101001110111011001001110101111001111101001110010111100110111010000010011001101111111001011001011101101100000100100111100001110011111010111011011
00
0001101000110000111100111000001100010110010111001011101110100000111010011010001100101100000101011010011101110110010011101011110011111010011100101111001100111111001110000011100111110100110000111011101100100110000111100101100100100000110010011101011101101110
1101111100110000
0111
01001100101111100011101001000001
1001011110110110
0101111001010000011100111101001110111011000111100101100000111010
01101000
11001011000001100011101011100001
10
00011100111011001000001110111110
10001100
1011101110100000110000111011101000001110101110111011010111101110
1101
1111110111110111
0100000111000011100101101001110111011101001100101111001010000011101001101111110111111010111000001100001100000110011111000011101100110110011001011111001100000110111111001101000001110100111100111100001100101100000101011000011101110110010010000011100111100011
11100101
1000
0111
0110
1110
0010110110011001011100100100000110100111101001000001110100110111110000011011011100001110101111001011000001100001100000111010011110011110000110010110000011100111110000110010111000111101001110110111001011101110100000110001011011111101111110101110111010000010
0100111101001000001101000110000111100111000001110011111010111100
1010000011101101
1010011110110110
01011100
10010000011011101101111111010010
00001101111110111011011001111001
1000001100110110100111101101100101100000110001111001011101110111
01001110
10111100101101001110010111100111011001000001100010111010111101001000001100001110110011100111101111100000111010011010001100101100
00011011001100101110000111100001000001010110100111011101110100110111110000011001011101100110010111000111110100111001011011111101
11
01
1010
0111000111000001110100111100111100001100101111001111001011110100111010011010011101110110011110110010000011100101100101110110111000011101001110111011010011101110110011110000011001011110011111001111001011101110111010011010011100001110110011011001111001100000
1110
1011
1011101100011110100011000011101110110011111001011100100101110100
0001
0010011110100100000111011111000011110011100000111000011011111110000111010111011001100001111001011010011110011110010111001001000001101001110111010000011101001101000110010110000011000111100111011011000011100111000001110111110100111101001101000100000111010011
0100011001011000
00101011
1001011001011101
1001
1001011100001111001111001011000001101111110011010000010011001100101111010011100101100001111001111001011110100100000111001111010001100101110010111101001110011100000110001111011111101110111010011000011101001110111011010011101110110011110000010011001101111111
00101100101110110110000010010011
11
0000
11
1001111101011101101100000111000011000011110011111001111000011100111110010111100111011001000001100001110111011001001000001101101110111111100101100101100000111001011001011100011110010111011101110100110110011110011000001110111110100111101001101000100000110010
0110010111100111
10
10
11111010011011111110000100000111
0000
11101011100010110110011010011110011110100011010011101110110011110000010101110011110111111001101110100111011111000011110010110010
1100000110110011010011101011110010110000010000011101100110010011101011110011100000101000011000011100111110010110011011100001110101111001011110010100000110100111011101100011110110011101011100100110100111011101100111100000111011011001011110010111001111010011
1011111101110111001110000011011111100110100000100110011011111110
01011001011101101100000100100111100001110011111010111011011011101000001000001010100110011011111110010110010111011011000001001001
11
10000111001111101011101101100000110100111100111000001110011110100111011011110000110110011110011000001100100111010111011011101101
1111
0011000001110100110010111110001110100100000110111111001101000001110100110100011001011000001110000111001011010011101110111010011010011101110110011110000011000011101110110010010000011101001111001111000011001011110011110010111101001110100110100111011101100111
1000001101001110
1110110010011101
0111100111110100111001011110011011101000001001100110111111100101
10
0101110110110000010010011110000111001111101011101101100000110100
01100001111001110000011000101100101110010111011101000001110100110100011001011000001010110100111011101100100111010111100111110100
11100101
11100110
0111111001110000011100111110100110000111011101100100110000111100101100100100000110010011101011101101110110111110011000001110100110010111110001110100100000110010111101101100101111001010000011100111101001110111011000111100101100000111010011010001100101100000
1100011101011100001100001110011101100100000111011111010001100101110111010000011000011101110100000111010111011101101011110111011011111110111110111010000011100001110010110100111011101110100110010111100101000001110100110111111011111101011100000110000110000011
0011111000011101100110110011001011111001100000110111111001101000001110100111100111100001100101100000101011000011101110110010010000011100111100011111001011000011101101110001011011001100101110010010000011010011110100100000111010011011111000001101101110000111
01011110
01011000001100001100000111010011110011110000110010110000011100111110000110010111000111101001110110111001011101110100000110001011
01111110
11111101
01110111010000010010011110100100
0001101000110000111100111000001110011111010111100101110110110100
1111
0110110010111001
00100000110111011011111110100100000110111111011101101100111100110000011001101101001111011011001011000001100011110010111011101110
1001110101111001011010011100101111001110110010000011000101110101
11101001000001100001110110011100111101111100000111010011010001100101100000110110011001011100001111000010000010101101001110111011
10100110
11111000001100101110110011001011100011111010011100101101111110111011010011100011100000111010011110011110000110010111100111100101
1110100111010011010011101110110011110110010000011100101100101110110111000011101001110111011010011101110110011110000011001011110011111001111001011101110111010011010011100001110110011011001111001100000111010111011101100011110100011000011101110110011111001011
10010010111010000010010011110100100000111011111000011110011100000111000011011111110000111010111011001100001111001011010011110011
1100
1011
1001001000001101
00111011
10100000111010011010001100101100000110001111001110110110000111001110000011101111101001111010011010001000001110100110100011001011
00
00010101110010110010111011001100
10111000
0111100111100101100000110111111001101000001001100110010111101001110010110000111100111100101111010010000011100111101000110010111001011110100111001110000011000111101111110111011101001100001110100111011101101001110111011001111000001001100110111111100101100101
1000
00110110
1100000100100111100001110011111010111011011000001110000110000111100111110011110000111001111100101111001110110010000011000011101110110010010000011011011101111111001011001011000001110010110010111000111100101110111011101001101100111100110000011101111101001111
01001101000100000110010011001011
1100111101011111010011011111110000100000111000011101011100010110
11001101001111001111010001101001110111011001111000001010111001111011111100110111010011101111100001111001011001011000001101100110
1001
11010111
10010110000010000011101100110010011101011110011100000101000011000011100111110010110011011100001110101111001011110010100000110100
1110
11101100011110110011101011100100110100111011101100111100000111011011001011110010111001111010011101111110111011100111000001101111
1100
1101
0000010011001101111111001011001011101101100000100100111100001110011111010111011011011101000001000001010100110011011111110010110010111011011000001001001111000011100111110101110110110000011010011110011100000111001111010011101101111000011011001111001100000110
01001110101110110111011011111001
1000001110100110
01011111000111010010000011011111100110100000111010011010001100101100000111000011100101101001110111011101001101001110111011001111
00000110
0001110111011001001000001110100111100111100001100101111001111001
01111010011101001101001110111011
0011110000011010011101110110010011101011110011111010011100101111001101110100000100110011011111110010110010111011011000001001001111000011100111110101110110110000011010001100001111001110000011000101100101110010111011101000001110100110100011001011000001010110
1001110111011001001110101111001111101001110010111100110011111100111000001110011111010011000011101110110010011000011110010110010010000011001001110101110110111011011111001100000111010011001011111000111010010000011001011000001110110110010111100101000001110011
1101001110111011000111100101100000111010011010001100101100000110
0011101011100001100001110011101100100000111011111010001100101110
11
1010
00001100
00111011101000001110101110111011
01
01111011101101111111011111011101000001110000111001011010011101110111010011001011110010100000111010011011111101111110101110000011
0000
11000001
1001
1111000011101100110110011001011111001100000110111111001101000001
1101001111001111000011001011000001010110000111011101100100100000
1110011110001111100101100001110110111000101101100110010111001001
0000011010011110
1001000001110100110111110000011011011100001110101111001011000001
1000011000001110100111100111100001100101100000111001111100001100
1011100011110100111011011100101110111010000011000101101111110111
11
10101110
1110100000100100111101001000001101000110000111100111000001110011
11101011110010111011011010011110
1101
1001011100100100000110111011011111110100100000110111111011101101
1001111001100000
1100110110100111
10110110010110000011000111100101110111011101001110101111001011010011100101111001110110010000011000101110101111010010000011000011
1011001110011110
11111000001110100110100011001011
00
0001
1011
00
11001011100001111000010000010101
1010
01110111011101001101111100000110010111011001100101110001111101001110010110111111011101101001110001110000011101001111001111000011
00
1011
1100111100101111010011101001101001110111011001111011001000001110
0101
1001011101101110000111010011101110110100111011101100111100000110010111100111110011110010111011101110100110100111000011101100110110011110011000001110101110111011000111101000110000111011101100111110010111001001011101000001001001111010010000011101111100001111
0011100000111000
01101111
1110
00
01
11010111011001100001111001011010
0111100111100101110010010000011010011101110100000100000111010011
0100011001011000001100011110011101101100001110011100000111011111010011110100110100010000011101001101000110010110000010101110010110010111011001100101110000111100111100101100000110111111001101000001001100110010111101001110010110000111100111100101111010010000
0111001111010001
10
01011100
10
1111010011100111000001100011110111111011101110100110000111010011101110110100111011101100111100000100110011011111110010110010111011011000001001001111000011100111110101110110110000011100001100001111001111100111100001110011111001011110011101100100000110000111
01
1101
1001001000001101
10
11101111111001011001011000001110
01011001011100011110010111011101
1101001101100111100110000011101111101001111010011010001000001100
10
0110010111100111101011111010011011111110000100000111000011101011
1000101101100110
10
01111001
11101000110100111011101100111100000101011100111101111110011011101001110111110000111100101100101100000110110011010011101011110010
1100000100000111011001100100111010111100111000001010000110000111001111100101100110111000011101011110010111100101000001101001110111011000111101100111010111001001101001110111011001111000001110110110010111100101110011110100111011111101110111001110000011011111
10011010000010011001101111111001
01100101110110110000010010011110000111001111101011101101101110100000100000101010011001101111111001011001011101101100000100100111
1000011100111110
1011101101100000
11
0100111100111000
00111001
11101001
1101101111000011
01100111100110000011001001110101110110111011011111001100000111010011001011111000111010010000011011111100110100000111010011010001
10
01011000001110000111001011010011101110111010011010011101110110011110000011000011101110110010010000011101001111001111000011001011
11001111001011110100111010011010
0111
01
1101100111100000110100111011101100100111010111100111000001110100111001011110011011101000001001100110111111100101100101110110110000010010011110000111001111101011101101100000110100011000011110011100000110001011001011100101110111010000011101001101000110010110
0000101011010011101110110010011101011110011111010011100101111001100111111001110000011100111110100110000111011101100100110000111100101100100100000110010011101011101101110110111110011000001110100110010111110001110100100000110010111101101100101111001010000011
10011110100111011101100011110010
11
0000011101001101000110010110000011000111010111000011000011100111
0110010000011101
11110100011001011101110100000110
0001
1101110100000111010111011101101011110111011011111110111110111010000011100001110010110100111011101110100110010111100101000001110100110111111011111101011100000110000110000011001111100001110110011011001100101111100110000011011111100110100000111010011110011110
00
0110010110000010101100001110111011001001000001110011110001111100101100001110110111000101101100110010111001001000001101001111010010000011101001101111100000110110111000011101011110010110000011000011000001110100111100111100001100101100000111001111100001100101
1100011110100111011011100101110111010000011000101101111110111111010111011101000001001001111010010000011010001100001111001110000011100111110101111001011101101101001111011011001011100100100000110111011011111110100100000110111111011101101100111100110000011001
1011010011110110110010110000011000111100101110111011101001110101
1110010110100111001011110011101100100000110001011101011110100100000110000111011001110011110111110000011101001101000110010110000011011001100101110000111100001000001010110100111011101110100110111110000011001011101100110010111000111110100111001011011111101110
1101
0011100011100000111010011110011110000110010111100111000001100101111010011101001101001110111011001111011001000001110010110010111011011100001110100111011101101001110111011001111000001100101111001111100111100101110111011101001101001110000111011001101100111100
1100000111010111
01
1101100011110100011000011101110110011111001011100100101110100000100100111101001000001110111110000111100111000001110000110111111100001110101110110011000011110010110100111100111100101110010010000011010011101110100000111010011010001100101100000110001111001110
1101
10000111
0011
10
00
0011101111101001
1110100110100010
0000111010011010001100101100000101011100101100101110110011001011
10000111100111100101100000110111111001101000001001100110010111101001110010110000111100111100101111010010000011100111101000110010
11
10010111
10100111
00111000001100011110111111011101110100110000111010011101110110100111011101100111100000100110011011111110010110010111011011000001
00
1001111000011100111110101110110110000011100001100001111001111100111100001110011111001011110011101100100000110000111011101100100100000110110111011111110010110010110000011100101100101110001111001011101110111010011011001111001100000111011111010011110100110100
0100
00011001001100101111001111010111
11010011011111110000100000111000
01110101110001011011001101001111
00
11
11010001
1010011101110110011110000010101110011110111111001101110100111011
11100001111001011001011000001101
1001101001110101111001011000001000001110110011001001110101111001110000010100001100001110011111001011001101110000111010111100101111001010000011010011101110110001111011001110101110010011010011101110110011110000011101101100101111001011100111101001110111111011
1011100111000001101111110011010000010011001101111111001011001011
1011
0110000010010011110000111001111101011101101101110100000100000
